id	CRYZL2P-SEC16B	RUNDC3A-AS1	HOTAIR	ALMS1-IT1
TCGA-AA-3856	0.1641331	0.01323306	0	0.2545024
TCGA-AA-3818	0.077057928	0.013978605	0.072565721	0.250918279
TCGA-AA-A00R	0.046553982	0.038606041	0	0.296993509
TCGA-AG-3742	0.292381763	0.021648644	0	0.27756911
TCGA-AA-3543	0.08020886	0.008953967	0.241705486	0.068882225
TCGA-AG-3878	0.085315724	0	0	0.05953019
TCGA-AG-3896	0.123777791	0.009454218	0	0
TCGA-AA-3496	0.097380212	0.054354293	0.022573117	0.436727846
TCGA-AG-3883	0.09680572	0.01277159	0	0.0327503
TCGA-AA-A01V	0.286178385	0.023960243	0.066337276	0.102402464
TCGA-AA-A01Q	0.1997786	0.09997411	0.02075942	0.3332739
TCGA-AA-3514	0.130768767	0	0.085666369	0.021158414
TCGA-AA-A01S	0.070861774	0.007910522	0.016426038	0.081140107
TCGA-AA-3494	0.05106815	0.05187817	0	0.1330317
TCGA-AA-3518	0.09300456	0.008998072	0.018684313	0.092295365
TCGA-AG-A020	0.119929927	0.029007667	0	0.241750063
TCGA-AZ-4323	0.1259032	0.334234	4.497314	0.331404
TCGA-5M-AAT4	0.3002341	0.08408419	0.3095166	0.6370528
TCGA-AZ-6608	0.1762846	0.09111742	0	0.6919731
TCGA-AG-A026	0.607555943	0.149574768	0	0.282620204
TCGA-AA-3930	0.1505541	0.0364148	0.2520486	0.9337882
TCGA-AA-3952	0.142508304	0.118178537	0	0.492450301
TCGA-CM-5864	0.3085558	0.01119464	0	0.2009457
TCGA-AA-3666	0.38767823	0.04091713	0.72219055	0.44592781
TCGA-AA-3966	0.01004781	0.02187253	0.21195001	0.20565575
TCGA-CA-5254	0.40170304	0.006371189	0	0.089857355
TCGA-AA-A02E	0.3898519	0.009125244	0.01894838	0.1403997
TCGA-CM-6680	0.310592746	0.01609792	0.041783754	0.268320313
TCGA-AZ-6607	0.02955871	0.08102675	0.8709432	0.9044439
TCGA-CA-5796	0.091998665	0.005804839	0	0.059541613
TCGA-AG-4021	0.136429163	0.051931857	0.175232594	0.258015616
TCGA-CM-6679	0.27868422	0.024833736	0	0.218336169
TCGA-AA-A00N	0.085071348	0	0.064089588	0.052764154
TCGA-4N-A93T	0.329676897	0.024327319	0.10944956	0.249531092
TCGA-CM-6674	0.056671266	0.004837829	0.110502178	0.111651206
TCGA-DC-5869	0.06103904	0	0.266710343	0.442944408
TCGA-AA-A02J	0.1383919	0	0.01544582	0.3814906
TCGA-DM-A285	0.20200271	0.07023447	0.12681777	1.73055402
TCGA-CM-6168	0.120874611	0.018661379	0.147249895	0.172272777
TCGA-CM-6171	0.151872723	0.073467457	0.050851226	0.554713591
TCGA-AG-A00C	0.220217698	0.009399609	0.019518097	0.120517531
TCGA-CI-6619	0.1337491	0.02079652	3.864928	0.3110842
TCGA-CM-6162	0.122351163	0.019299976	0.016030402	0.098982219
TCGA-CM-6172	0.11235145	0.03432587	0	0.143036
TCGA-CM-6161	0.376487491	0.034386938	0	0.18615514
TCGA-AA-3663	0.009825302	0.009505854	0.019738712	0.085315829
TCGA-DM-A1DA	0.2661584	0.01103592	0	0.530616
TCGA-D5-6898	0.055699243	0.057256323	0	0.302282504
TCGA-DM-A280	0.076882338	0.022314803	0.009267247	0.514998548
TCGA-AA-3989	0.053944619	0.017396909	0	0
TCGA-AA-3980	0.063822743	0.008420139	0	0.129551053
TCGA-CM-6169	0.4922859	0.03760108	0.1366363	0.1928416
TCGA-A6-3810	1.194033395	0.084521929	0.032038327	1.498246734
TCGA-CM-5341	0.005388433	0.01563972	0	0.02005254
TCGA-A6-3808	0.042088592	0	0.14797057	0.18273347
TCGA-D5-6927	0.155988598	0.020579587	0.06409964	0.395793221
TCGA-5M-AAT6	0.4249358	0.1221724	0.06040204	0.2237771
TCGA-A6-A5ZU	0.589721811	0.010565709	0.241334282	0.054187496
TCGA-CM-5860	0.07036587	0.005105856	0.03180662	0.1702089
TCGA-AA-3811	0.03198686	0.05570438	0	0.3094937
TCGA-AA-3848	0.28135098	0.02551907	0	0.0327194
TCGA-D5-6922	0.28535984	0.027608199	0	0.238936385
TCGA-A6-3809	0.237627725	0.038963667	0	1.867225881
TCGA-A6-3807	0.05019398	0	0.02520952	0.3735842
TCGA-AA-3680	0.481040822	0.011259698	0.023380533	0.202113444
TCGA-F4-6461	0.186020877	0.041180221	0.114013187	0.668792587
TCGA-D5-6932	0.163695547	0.007423751	0	0.228441526
TCGA-D5-5541	0.053148559	0.032137844	0.006673358	0.28843982
TCGA-D5-6928	0.118611778	0.074330187	0.722985034	0.300956212
TCGA-A6-6140	0.271232788	0.004057952	0	0.291363674
TCGA-AZ-6606	0.692907	0.01093009	1.142371	0.1401406
TCGA-T9-A92H	0.31441977	0.01508415	0	0.29010329
TCGA-A6-5666	0.157142288	0	0	0.134951555
TCGA-AA-A01G	0.282965393	0.009549956	0	0.195912332
TCGA-AG-3575	0.045233683	0	0	1.220413151
TCGA-D5-6931	0.250050814	0.012513153	0.008661103	0.160437985
TCGA-A6-6142	0.1289578	0.004924935	0.08181221	0.5935657
TCGA-D5-6923	0.161416891	0.067347785	0	0.187718
TCGA-CA-6715	0.191064421	0.023670122	0	0.303487587
TCGA-A6-2684	0.77614777	0.019948217	0.053221197	1.543387027
TCGA-F5-6571	0.289026897	0.019661472	0.013608882	0.336120655
TCGA-AA-3939	0.134105458	0.048654493	0	0.224577315
TCGA-AA-3973	0.2599621	0.02829487	0.03916915	0.120928
TCGA-F4-6460	0.25526689	0.03124287	0.2224292	0.33191074
TCGA-D5-6929	0.189983556	0	0	0.226775421
TCGA-F4-6569	0.063914784	0	0.057067876	0.17618725
TCGA-D5-5540	0.04580552	0.0474817	0.2760654	0.2556913
TCGA-F4-6463	0.123645733	0.048142035	0	0.202010852
TCGA-EI-6885	0.1040073	0.07958579	2.712515	0.3729785
TCGA-CM-6166	0.05371938	0.005197281	0.01079205	0.6796993
TCGA-AG-A008	0.283080687	0.050303928	0	0.279488814
TCGA-AA-A004	0.129854	0	0	0
TCGA-AA-A02K	0.320184075	0.027740955	2.750568433	1.316023255
TCGA-AA-3667	0.19183656	0	0	0.07514753
TCGA-D5-6924	0.38430293	0.031332149	0.117109024	0.22496691
TCGA-AU-3779	0.128906354	0.035632928	0.86014594	0.102795585
TCGA-A6-4105	0.163682347	0.044819031	0	0.218366742
TCGA-A6-2676	0.006175057	0	0.204690558	0.3446983
TCGA-A6-5662	0.090259776	0.077051627	0.02399942	0.069154475
TCGA-AA-3844	0.147915971	0	0	0.176145667
TCGA-AA-A00W	0.30379361	0.06429422	0.01907223	0.09421158
TCGA-AA-A01C	0.087783776	0.018199217	0.037790304	0.186673697
TCGA-AA-3679	0.260616917	0	0	0.333389738
TCGA-A6-5656	0.373562167	0.064373628	0.4228653	2.206764
TCGA-AD-6888	0.318640652	0.067907998	0	0.190721607
TCGA-AY-5543	0.202457068	0.012774432	0	0.368522957
TCGA-EI-6511	0.239637062	0.018900472	0	0.145399977
TCGA-AA-3833	0.057366038	0.009250151	0.326531758	0.1423215
TCGA-AG-A014	0.027593568	0	0	0.513434187
TCGA-D5-6540	0.068870377	0.024986703	0.10376876	0.491231232
TCGA-EI-6514	0.145789699	0.007172017	0.007446274	0.450586138
TCGA-AY-4070	0.1439352	0.1914762	4.716939	0.714188
TCGA-F4-6805	0.158979007	0.015046646	0.010414684	0.115752766
TCGA-EI-6881	0.1034465	0.006127541	0	0.3142582
TCGA-NH-A8F8	1.174418837	0.024004969	0.149537486	0.492449346
TCGA-AA-3846	0.07465506	0.02708543	0	0.48618796
TCGA-AA-A00U	0.1130325	0.009113122	0	0.2570575
TCGA-A6-2680	0.267429737	0	0.017519271	0.173080751
TCGA-A6-2674	0.7418449	0.062793397	0.064922687	2.453656667
TCGA-EI-6512	0.112600384	0.026601489	0.007891064	0.058469527
TCGA-D5-6531	0.127716735	0.041188102	0.025657877	0.168990463
TCGA-AY-A69D	0.605992509	0.012005938	0	0.292475943
TCGA-AA-3554	0.112827256	0	0.245555144	0.046652878
TCGA-AA-3875	0.16937033	0.03511363	0.0486085	0.21009852
TCGA-A6-2681	0.08029495	0.007282907	0.015122807	0.056026878
TCGA-D5-6532	0.239820972	0.015298267	0	0.166725338
TCGA-F5-6814	0.174516783	0.041676376	0.592467151	0.353496796
TCGA-AA-3713	0.224476278	0.007239264	2.487826553	0.631166259
TCGA-AA-3530	0.2102853	0.009536639	0.05940791	0.2934587
TCGA-AY-A71X	0.519309695	0.025655769	0	0.164473329
TCGA-F4-6856	0.128189702	0.01328806	0	0.085186746
TCGA-CM-4751	0.169696508	0.0076959	0.527352525	0.276285366
TCGA-AG-3612	0.03566746	0.04313476	0	0.06636652
TCGA-AG-3882	0.327689413	0.012514552	0	0.032091183
TCGA-D5-6529	0.369764176	0.029203437	0.197081114	0.196577456
TCGA-EI-6508	0.201955263	0.01022385	0	0.235954034
TCGA-AA-3549	0.147825306	0.008251101	1.37065952	0.23274215
TCGA-AD-6548	0.129186029	0.014149339	0	0.244912166
TCGA-AA-A02R	0.038886696	0.008061939	0.920724837	0.578852558
TCGA-AG-A00Y	0.489695301	0.021213758	0.022024968	0.271993204
TCGA-AA-3979	0.04602659	0	0.03467472	0.9420597
TCGA-AA-3950	0.007072614	0	0.106564884	0.157920358
TCGA-AA-3941	0.126714436	0.009194595	0.630048816	0.518711286
TCGA-AA-3867	0.073833054	0.0097408	0	0.424633237
TCGA-DM-A0XD	0.22491953	0.006594144	0.04107782	0.346643249
TCGA-AA-3819	0.3264315	0.00696658	0	0.14291574
TCGA-AD-6895	0.207164994	0.016937703	0.140683177	0.304034574
TCGA-AG-A00H	0.196448344	0.016290965	0	0.146212764
TCGA-AA-3949	0.036112794	0.013102	0.054412072	0.268780656
TCGA-DM-A28A	0.341919888	0.27100409	0.015851675	0.274060193
TCGA-AA-3982	0.01319977	0.03831183	0	0.319291
TCGA-AA-3994	0.146685212	0	0.035362298	0.065505007
TCGA-AU-6004	0.366247453	0.01092143	0.037796877	0.121359011
TCGA-AA-3532	0.163263683	0.007643009	0	0.156792325
TCGA-AG-3728	0.061362932	0.019789284	0.082184088	0.101491693
TCGA-AA-3861	0.104340446	0.021631724	0	0.110940869
TCGA-AG-A01N	0.1203178	0.01587354	0	0.122114
TCGA-AA-3877	0.059268272	0	0.035720409	0.13233674
TCGA-AA-A01K	0.37599	0.09407729	0.2344195	0.289492
TCGA-AA-3860	0.241816362	0	0	0.314963803
TCGA-AA-3858	0.084008605	0	0	0.089322865
TCGA-QG-A5Z2	0.492698034	0.050620783	0.019708692	0.16225919
TCGA-DY-A1H8	0.2920658	0.03532125	0.009167981	1.086895
TCGA-CI-6620	0.058665117	0.021284156	0.014732039	0.409343722
TCGA-AA-3975	0.1105018	0.02829945	0	0.1451371
TCGA-AA-A010	0.07189165	0.07824853	3.52043189	1.13703614
TCGA-AA-3502	0.06264572	0.01010149	0.02097554	0.31084011
TCGA-F4-6703	0.133166915	0.014640601	0.376971271	0.090103273
TCGA-AA-3692	0.258121125	0.006689167	0.027779836	0.120071651
TCGA-AA-3970	0.09386928	0.11526815	0.02175927	0.24184081
TCGA-AG-3887	0.02224028	0	0	0.11035344
TCGA-AA-3841	0.112672123	0.036336279	0	0.046588732
TCGA-AG-A011	0.1717862	0.04155025	0	0.1331846
TCGA-AG-3731	0.068619724	0.042678453	0.132931406	0.4468831
TCGA-AA-3685	0.089942222	0.018646703	0	0.191263669
TCGA-AA-A01P	0.17543788	0.007956277	0.512152442	0.102011777
TCGA-AA-3837	0.114038481	0	0	0.169753343
TCGA-AA-3517	1.101878	0.06623403	0	0.1213175
TCGA-5M-AATE	0.416051	0.01829655	0.2152903	0.65685209
TCGA-AA-A02F	0.167161661	0.04331967	0.017990482	1.066416366
TCGA-AA-A02Y	0.334032976	0.010029495	0	0.197176928
TCGA-CK-4950	0.05616065	0.011241664	0.029178858	0.208996515
TCGA-AA-A03J	0.328806148	0.05301929	0	0.022659644
TCGA-AG-A02X	0.168066924	0	0.835661429	0.062544506
TCGA-AA-A02W	0.05828813	0.18455897	0.14371235	0.35494973
TCGA-G4-6310	0.059242253	0.013226797	0.068662937	0.33917601
TCGA-AG-4022	0.210263574	0.019071311	0	0.489047427
TCGA-AA-3678	0.561756547	0.020212522	0.041970891	0.17277054
TCGA-AA-3675	0.494874583	0.013679566	0.007101335	0.070157283
TCGA-G4-6627	0.206183751	0.029922021	0.062132467	0.219226632
TCGA-CI-6623	0.086725504	0.01573234	0	0.185575908
TCGA-AG-3898	0.05863056	0.009454053	0.1963115	0.1212156
TCGA-CI-6624	0.233531582	0.003724266	0.007733363	0.09550171
TCGA-AG-A025	0.201806887	0.023746084	0	0.081189744
TCGA-AZ-4313	0	0.011482152	0.119212269	0.176662737
TCGA-DY-A1DG	0.06492954	0.02048429	0.3317747	1.512808
TCGA-G4-6628	0.050029901	0.030570498	0	0.186181514
TCGA-AA-3864	0.046254408	0.016781455	0.052269526	0.193647801
TCGA-G4-6307	0.077214975	0.040747909	0.005288263	0.182857934
TCGA-AA-3506	0.33096055	0	0.036938276	0.045616229
TCGA-SS-A7HO	0.1335601	0.007753061	0.5715171	0.4970312
TCGA-DM-A28G	0.27230567	0.010491461	0.10166476	0.457357005
TCGA-AA-3655	0.179425366	0.057373543	0.01832846	0.079220355
TCGA-A6-A567	0.264440171	0	0.685685333	1.144289458
TCGA-AG-A02N	0.2536612	0.07157908	0.04246643	0.2884372
TCGA-AA-3510	0.031255722	0.015119755	0	0.252016254
TCGA-AZ-4308	0.049579068	0	0.392185768	0.046125946
TCGA-G4-6299	0.122761	0.1611874	0.03523183	0.4133344
TCGA-AA-3660	0.187818376	0.025958839	0.655819844	0.066566497
TCGA-DM-A28C	0.999037157	0.010331355	0	0.114802096
TCGA-DM-A28K	0.1174492	0	0.08848183	0.1201959
TCGA-AZ-6601	0.371820063	0.011730364	0.211101463	0.421123952
TCGA-G4-6293	0.667120463	0.022726426	0	0.186488287
TCGA-DM-A28H	0.04485589	0.03426118	1.422853	0.5447089
TCGA-AG-A036	0.1542311	0.01865207	0.09682662	0.2152336
TCGA-DM-A28E	0.315099598	0.003810685	0	0.576534809
TCGA-DM-A1D0	0.270292088	0.118466639	0.027332618	0.594068679
TCGA-DM-A1HB	0.170410968	0	0.052002545	0.40137228
TCGA-DM-A282	0.270403174	0.00670799	0	0.24941975
TCGA-DM-A1D9	0.113804	0.01926819	0.2629228	0.5435055
